Sample	H9	EB	R3	R5	NSC	DA
H9	1	0.9966364	0.9817642	0.9786964	0.9866072	0.8023654
EB	0.9966364	1	0.9858354	0.9842656	0.9878364	0.8187608
R3	0.9817642	0.9858354	1	0.9984196	0.9756917	0.8872403
R5	0.9786964	0.9842656	0.9984196	1	0.9748279	0.8932947
NSC	0.9866072	0.9878364	0.9756917	0.9748279	1	0.8321365
DA	0.8023654	0.8187608	0.8872403	0.8932947	0.8321365	1
