Sample	H9	EB	R3	R5	NSC	DA	UHRR_1	UHRR_2
H9	1	0.994312	0.9814465	0.9756574	0.9837731	0.8031595	0.9598136	0.8838595
EB	0.994312	1	0.9850232	0.9839192	0.9865919	0.8116104	0.9613774	0.8941841
R3	0.9814465	0.9850232	1	0.9964662	0.974293	0.8819475	0.987826	0.9075243
R5	0.9756574	0.9839192	0.9964662	1	0.9743657	0.8825521	0.9830438	0.9093283
NSC	0.9837731	0.9865919	0.974293	0.9743657	1	0.827583	0.9485853	0.8852556
DA	0.8031595	0.8116104	0.8819475	0.8825521	0.827583	1	0.9079101	0.8357864
UHRR_1	0.9598136	0.9613774	0.987826	0.9830438	0.9485853	0.9079101	1	0.9132305
UHRR_2	0.8838595	0.8941841	0.9075243	0.9093283	0.8852556	0.8357864	0.9132305	1
